-119
80
78
71
13
10
26
10
0
0
0
13
73
72
68
82
0
0
0
-31
0
0
0
81
8
2
0
0
0
-85
27
86
88
0
0
36
-27
73
68
65
84
120
94
-35
-99
123
116
14
119
-10
-76
-87
-57
-64
28
-123
-107
-116
-120
-61
91
102
-78
-68
-33
75
-44
100
97
35
-9
91
-116
-79
66
-111
37
105
36
49
73
-64
125
77
87
-48
95
115
-21
-4
-114
-36
-59
-18
5
16
84
39
-120
32
-17
35
-75
45
-41
81
95
103
114
56
48
108
-95
108
111
-57
108
77
-6
-26
-14
55
7
36
18
-114
-60
123
25
-68
77
28
-8
-4
-102
0
48
-82
106
35
7
80
-100
60
-53
-81
-122
5
-80
10
80
88
-96
-125
-41
-102
48
19
-49
-79
22
98
47
34
84
99
19
114
22
-65
-54
37
-39
-72
-22
-47
4
77
-65
-51
17
37
-67
-120
-81
-29
120
-54
-116
114
4
24
-65
-3
73
20
23
96
91
19
-55
-7
-56
-7
44
40
-43
15
46
111
20
-103
90
71
-16
123
117
57
-82
-115
113
58
-82
117
18
89
-29
-100
0
-31
2
-104
109
127
-108
-76
125
-123
-99
-3
81
-106
-107
5
73
6
15
-36
104
119
-85
2
-75
101
32
-58
105
110
-78
73
-2
-80
-127
127
-96
87
-98
41
-76
21
71
127
-108
-53
-74
36
-115
-36
57
82
48
-123
-60
-126
32
-76
-108
111
-56
-103
-3
-68
87
87
-59
-11
49
-108
-58
77
100
-100
107
-31
26
86
-120
29
86
-75
98
-104
121
12
97
-14
33
-89
-12
8
39
104
113
-101
38
17
-75
50
16
-37
-61
-35
1
31
109
-106
-12
-124
-60
55
6
-14
-82
50
32
58
-59
-92
-48
-10
125
10
-42
48
12
78
13
72
107
-51
117
74
73
120
110
-69
-15
88
-113
-73
-54
-104
-73
-123
125
79
28
-9
82
-75
-117
-4
9
9
40
-38
93
109
-113
8
-101
-52
101
-126
109
-127
-107
-123
108
-115
-57
40
-28
-66
91
63
-87
-107
-39
-126
18
-125
-101
71
70
-16
-91
-105
-124
99
-75
-7
-90
76
-23
83
37
127
-98
18
-20
-22
63
-71
-37
53
64
-28
-16
25
-67
9
100
74
39
-119
39
120
56
61
117
87
-79
12
-22
-122
24
-46
-48
-60
-16
-125
104
-85
-116
22
-50
-49
-67
125
99
6
-17
-33
-38
70
51
89
33
-123
-71
64
-98
-91
18
-119
-75
-126
85
109
29
76
-22
-102
55
17
57
97
42
-92
-38
95
42
-9
-8
-30
-59
-24
-79
-127
88
122
-115
-6
118
-11
-86
-63
-86
56
87
-58
-117
108
2
-31
-117
-10
-73
113
30
108
52
-80
4
-45
28
-65
-70
127
10
-64
93
-43
26
27
73
49
-63
46
-94
126
91
-47
28
-113
-54
-74
-49
60
91
10
-94
88
-8
56
127
-36
-66
57
10
-21
-62
51
52
96
-119
-97
-53
-30
-82
-126
123
76
-23
19
104
-78
-27
-48
2
52
112
102
-105
12
-6
87
-48
-102
-10
101
-67
110
68
90
-71
-3
6
-35
-106
-89
-79
-16
13
-120
-10
-82
-108
-37
78
-79
-71
-127
104
88
-125
101
126
-30
-83
74
-94
87
15
-98
78
46
49
-71
74
31
-7
122
55
-56
-108
103
-16
120
-43
-88
114
-21
-88
-64
-84
53
-1
-120
54
67
119
24
-127
58
97
114
-50
-89
-125
-57
-73
-27
-107
-74
-33
78
51
55
82
9
-33
-97
47
-38
29
126
94
-44
71
-11
-114
-48
-22
76
29
108
-100
6
113
-121
91
74
-2
122
17
9
-122
-12
-89
84
5
115
54
93
-89
91
86
5
106
-112
-97
-27
22
36
-118
56
70
-56
9
33
18
-69
35
113
-6
-34
-81
31
-80
83
-34
-108
94
92
-64
3
42
-114
17
43
12
18
120
107
-35
125
9
15
-123
-28
-44
95
-9
74
116
115
-2
-77
9
51
-18
119
-69
-15
-96
115
-43
119
82
-124
114
-88
23
-20
-45
90
-54
41
-20
-126
-33
35
21
-59
12
-97
-79
106
58
66
-102
31
-114
32
23
104
77
85
-123
92
64
100
-18
-18
-96
-81
36
43
73
-8
75
-14
73
63
101
63
-59
-110
-120
-21
-128
-52
-68
-68
44
-26
22
-47
33
117
-22
72
-29
50
-38
-115
102
-36
91
117
1
6
45
56
-4
112
51
33
-46
-115
95
81
62
-34
9
-81
11
14
20
-30
14
38
-90
-19
105
-48
-51
-7
-75
34
-126
93
-18
-79
52
38
3
-88
-5
122
-97
-85
-73
-114
-9
78
102
-84
-83
32
74
79
51
-127
-122
-11
-125
87
-118
51
-42
92
-105
-66
67
-75
-43
24
13
-101
37
28
82
-13
-46
86
-12
-85
-40
-42
123
-20
-79
98
-97
6
-92
21
-34
-113
79
-114
-120
102
-18
-113
-13
52
84
113
-110
-122
-94
1
-81
-112
81
-126
91
126
65
62
112
-128
-110
-33
-73
82
-93
-122
95
63
-68
91
-43
4
120
38
-26
57
-104
-82
-45
100
88
-94
15
-23
-15
-122
-117
107
-91
-56
89
17
8
-74
-19
-23
-51
-21
97
-58
13
-26
23
76
95
22
-104
-28
45
-20
44
4
101
71
-101
-26
7
52
13
100
-3
82
59
-30
-4
74
24
-77
-83
-121
-74
82
108
96
91
-121
-29
-120
37
-91
118
23
74
49
106
58
-114
-40
-98
78
-35
-77
-87
15
-52
44
-7
-70
21
72
-27
-23
10
-37
-17
73
-8
18
42
14
108
-54
98
2
-70
90
-47
20
-4
28
-80
-103
-92
2
107
34
-33
-16
80
-45
50
19
-88
32
-41
-103
-107
-9
-76
91
-40
23
37
116
-67
25
57
39
22
-110
70
-4
-79
16
-126
-46
-95
66
-73
-54
56
-63
122
90
-36
61
-120
114
29
52
125
-87
-4
-73
-91
-32
-85
-124
106
-34
73
60
25
119
-107
21
2
96
-34
-110
-24
-38
-15
-25
123
18
82
-37
6
-78
127
115
74
-123
90
103
116
110
-71
13
-50
-6
82
-71
-33
-45
-33
-7
21
81
23
28
58
98
108
51
86
112
-34
118
47
-106
121
38
-37
47
-43
83
-35
-103
117
0
79
-47
-14
-108
-60
-81
57
29
-61
2
-110
-112
57
23
-34
-49
-28
-15
19
16
111
35
48
65
127
91
96
57
-45
-29
113
-30
-3
-105
41
114
-116
-98
-112
-40
108
-97
120
-72
-59
-76
91
53
-119
88
-88
-41
-118
75
43
107
57
-115
91
-126
124
-80
-107
-27
-76
-1
-3
-63
66
10
-53
-94
15
114
107
92
-56
-68
-55
-100
31
-104
-42
-15
60
-91
-62
-83
3
77
77
-14
101
-101
82
-106
99
23
-125
101
-113
-71
94
-19
84
48
-87
112
-31
-94
118
-35
-10
-62
-116
-83
67
-92
25
-53
1
11
-47
102
-108
-27
37
76
26
-27
-83
-94
67
-111
57
-49
-7
112
-24
-104
68
23
61
53
86
-109
-65
-75
-57
-78
7
-25
-49
-119
18
93
-65
-97
-77
-79
-21
76
-78
90
-78
-68
-28
-25
77
31
58
30
-4
124
-95
16
78
92
71
-55
67
-92
86
68
-103
-17
24
100
-50
-77
40
-22
-122
-60
73
57
12
-76
127
58
-96
86
76
-126
94
-110
-25
68
16
62
67
123
-58
-47
40
111
105
-25
-6
68
31
114
90
-34
28
-70
-5
-99
-23
-74
-59
71
14
-112
-117
-106
83
112
30
-39
-127
79
-49
3
-50
-91
-56
49
-66
1
-5
63
-48
-62
44
11
-22
-7
76
-70
-91
-43
-99
-4
35
32
31
-89
-92
87
-82
-124
95
-25
-34
-62
-17
93
14
-86
-88
112
-48
-87
46
-10
94
-92
-102
33
-71
-91
-79
-41
47
-98
-100
30
62
-37
54
35
30
-95
-62
24
50
-40
2
-9
66
-23
64
26
-102
40
-66
-18
41
-85
-104
19
-33
-24
114
-126
-118
25
68
58
29
44
-112
24
75
-87
3
-13
42
-30
-30
18
63
26
-45
34
-106
-64
-101
-89
-48
-75
102
82
122
-76
86
-14
88
85
-51
111
23
-13
-106
14
27
89
-115
-73
18
123
-128
-40
11
97
-120
-14
-39
64
-48
0
-118
51
-29
-103
29
-108
-112
41
-2
53
-128
18
-48
-44
90
112
-79
-93
-121
49
-80
-64
122
67
-58
-27
-105
-73
-47
125
-89
-71
-86
-115
-27
71
50
-12
44
58
68
66
-51
-49
-113
25
-67
42
71
-109
80
-82
-36
38
102
54
-3
62
8
-76
-27
30
-54
-52
-19
43
-55
-45
-117
40
38
-65
-103
38
90
-105
-48
-103
-110
-116
-124
-109
-67
-113
102
-10
76
-61
-69
78
-50
118
-122
70
120
40
-110
-94
89
102
-43
107
48
-37
-52
-74
50
46
-20
-39
27
-88
125
-21
115
90
10
-102
82
-2
27
17
78
32
33
-105
30
-119
-105
107
9
122
5
-47
-66
-7
-8
93
-100
-114
-73
-55
-31
-9
-14
64
99
-91
21
80
-118
-53
74
-47
-83
86
78
-45
-121
-40
-46
-55
83
71
20
-55
-61
-40
-40
-110
-73
-128
32
-53
62
-58
-47
26
-63
31
88
63
-97
107
89
15
-112
50
4
38
-31
-124
-2
119
34
-7
34
38
34
-112
-126
71
-71
6
90
-103
2
-102
2
-103
26
122
47
113
106
-7
-14
-96
-57
-123
-70
-12
114
69
83
-81
49
-97
31
-126
67
-107
-108
-27
-75
-34
-33
87
-77
-93
-70
92
-11
-27
46
98
-28
-31
69
74
40
111
30
-91
-76
-45
43
70
-117
-120
121
100
114
-85
52
59
3
8
-4
-24
67
66
81
1
-2
30
-2
-44
-101
24
17
49
-88
-118
0
37
107
44
-61
14
-62
-25
3
95
-42
-50
24
76
-123
82
-19
69
97
-69
49
38
-18
127
46
102
80
-37
-47
21
64
-75
41
-57
-18
16
-6
-8
39
105
-119
114
-12
-109
95
-99
-6
-5
31
97
78
-48
48
3
116
-106
-99
-80
91
93
-58
105
20
-119
-68
-123
19
-6
-73
10
-30
35
-88
79
6
-16
-10
-126
-2
-109
39
109
-98
73
22
-26
27
-89
84
-16
78
-100
46
-92
-8
127
-109
-11
122
-79
-113
-92
-76
-73
87
-97
37
113
-48
-84
113
-44
53
88
14
72
95
-67
-29
51
-73
-120
-60
47
-87
60
60
98
5
-31
104
45
127
-51
39
-99
-119
94
-87
-111
-121
1
-69
118
-66
-60
80
91
103
-62
74
-104
-1
101
-68
-88
-120
-22
-93
-82
-9
51
0
-24
-68
-118
-110
61
85
-114
-76
-125
97
114
109
-37
46
-6
-104
54
-105
103
41
-47
-97
-114
-70
-55
35
79
-83
-49
-65
38
86
-111
-83
-50
-6
102
-48
111
-68
-103
-89
-32
-92
61
-95
66
19
50
-61
91
19
-111
13
96
11
-69
95
-65
-61
112
111
36
28
-21
22
28
76
69
77
6
-124
106
-127
-56
18
-48
20
13
103
-48
-107
65
49
92
38
-101
23
104
-12
61
-27
-24
-4
-52
68
99
113
56
-15
122
85
12
2
-42
-21
-5
98
-51
-123
6
-2
-46
-113
-43
88
5
-30
39
-28
104
-68
-39
39
-61
-13
44
-3
40
-93
20
-120
123
-1
84
2
36
-83
25
-92
-124
72
90
-18
40
-62
-90
-125
-86
75
-34
-14
56
-68
39
-23
-74
108
8
105
-19
-43
124
42
54
-94
1
-103
46
24
-65
69
-110
24
106
-72
13
-118
-67
108
98
66
-106
121
-65
-82
22
-54
108
-118
50
-127
-34
-110
-71
-20
-70
33
-16
125
92
51
-59
34
101
65
103
47
-94
-76
-18
-85
90
69
48
-75
1
42
-12
-39
18
-103
4
86
-65
-32
5
-124
-2
-87
-109
12
-30
-28
-25
62
-125
-10
77
2
-44
-51
-122
-71
-51
121
49
-66
3
-107
45
-74
-18
109
50
112
119
-12
91
19
-70
17
-93
-53
-6
121
61
106
69
-78
25
110
-94
76
-37
-116
-36
122
-88
-39
-73
109
29
97
-77
-109
-78
11
81
69
-105
-53
77
-61
89
78
51
16
113
-127
-15
-101
86
-57
72
-20
87
108
-14
13
-107
81
99
-4
42
119
83
65
-126
-6
27
-30
-53
-25
-68
-109
-96
4
118
20
11
104
-119
32
-70
35
-57
10
43
-72
-66
-67
-45
56
-45
90
-107
-68
65
-102
75
-126
94
-54
81
-26
107
42
-60
73
-53
-67
-54
52
28
-59
113
-37
91
-70
-69
-25
29
-56
20
-17
85
11
9
-76
6
-17
80
-101
-21
69
2
-125
-94
-94
-70
64
14
-116
-118
-7
91
-91
83
85
28
69
-10
97
-25
-116
-22
-39
-127
89
86
-31
106
106
-37
120
71
-74
-60
30
96
53
-74
11
-23
52
-20
-37
116
73
-59
-48
28
38
-112
30
5
21
3
-8
-104
-13
-68
83
-100
65
-65
10
-73
30
13
-44
-124
-65
-112
101
64
-20
-104
110
16
54
103
52
108
70
48
85
-36
17
100
-32
-100
-113
-1
-65
110
109
-31
-8
33
23
-118
123
-83
-78
-49
56
19
-85
-44
-121
31
-43
61
-110
-95
-2
-103
117
-17
16
27
-15
9
47
-68
86
-106
-64
93
91
-99
121
-97
-5
102
-112
37
33
13
49
-117
19
-53
-98
8
-66
25
13
-68
-73
15
40
-54
-60
70
17
-79
32
-68
85
47
125
72
75
-47
42
-95
69
-44
-118
-81
-116
-116
88
81
38
-44
102
27
57
-11
-11
16
111
2
126
33
-120
115
-101
-106
-50
-3
12
-102
-66
70
9
-121
-103
-69
30
113
-113
20
-16
99
-5
84
40
-84
13
116
-23
-127
-21
36
-37
97
-109
-108
63
-99
-106
-108
97
-80
82
117
102
52
-22
115
34
120
103
-119
-105
-54
115
-50
100
-91
-75
-96
-41
-96
-87
120
84
107
-40
83
-58
-97
-13
-77
-93
30
-31
23
15
96
108
4
-57
39
20
-59
-47
73
-119
-24
3
-49
108
-1
-105
29
-46
117
-116
71
93
47
16
-14
-28
35
101
97
-81
3
-126
-82
-53
53
-11
-103
92
-8
113
-75
-3
64
-21
-9
-104
39
22
-64
7
-124
-123
-120
-92
-111
-31
-96
39
-47
-5
90
-79
-12
-19
-97
-116
-98
21
-97
14
-83
99
2
-20
-118
66
104
-53
124
91
117
-83
3
74
-14
86
-11
-95
37
3
61
36
-76
79
-54
-120
18
45
-97
-100
123
-101
121
-50
124
84
-18
-98
-69
28
-11
55
79
-19
-85
-67
107
-2
61
-112
41
-92
46
108
-43
48
-88
64
3
-58
122
66
-100
75
-86
73
89
-16
-90
9
3
104
-89
4
63
-64
-30
8
59
-105
113
29
-27
-53
-122
-75
-5
106
32
79
110
103
-36
55
-101
64
13
-34
43
-49
21
37
107
-81
-2
108
-37
4
1
57
-55
26
10
124
-83
30
73
-28
-59
59
-5
88
-53
73
-126
126
-8
-112
3
8
50
114
-51
26
110
122
82
-65
15
-101
-16
45
92
-104
-103
15
-10
12
-118
-47
29
0
-106
-42
41
116
-100
-12
95
39
-15
55
-28
-40
4
7
-89
101
113
93
20
32
-122
26
125
98
113
-55
93
125
-90
-38
-11
-118
31
127
11
7
45
56
79
58
54
69
29
51
-103
-21
79
-100
-6
91
-26
46
45
-51
-7
113
-72
-63
-71
-48
-35
47
-49
-107
27
-15
-77
58
-111
-93
-76
50
-12
-27
67
-76
-58
31
-61
-96
64
44
61
110
-39
-97
-60
127
90
-49
-83
-102
-119
-59
67
94
-33
109
32
-46
35
-10
-109
-17
-80
-84
-27
109
-23
-31
-19
66
12
-42
-15
118
-122
-39
8
-123
-82
42
-102
-124
-78
-95
-128
77
107
73
-60
-93
57
-48
-109
83
-53
-118
-103
1
-44
-8
-100
57
115
110
-65
111
43
38
-28
14
73
89
-85
-119
53
33
90
-15
-58
58
22
31
91
-24
38
110
-52
-113
7
-102
123
103
23
108
-74
56
-108
112
49
26
63
-20
-104
116
102
-5
91
-48
59
-122
108
102
-12
62
45
28
64
-77
12
-26
-60
-122
26
-44
83
92
-118
102
1
-57
-92
-53
61
106
8
-83
38
-8
76
-42
77
119
-40
-95
62
118
110
-79
80
-19
74
-88
-117
-73
-60
-20
-31
124
105
-40
8
9
-33
-124
-28
70
70
-114
-29
-94
-59
67
-119
39
87
101
-127
-66
49
-112
-21
99
-10
-88
-45
50
-116
72
72
-61
-66
-24
-71
72
119
-56
-102
-119
13
-54
108
42
15
-127
18
-39
61
63
23
34
-12
-5
6
3
103
26
19
35
68
66
-36
111
-16
-106
-126
104
52
-26
-65
-115
85
47
80
-101
56
-49
120
104
91
-63
-101
22
-127
-84
-40
-10
1
-16
-126
-53
54
-7
124
82
14
62
-18
64
75
-127
60
97
-103
-108
-74
-80
-45
39
120
-81
46
-94
89
-85
-55
-71
33
76
51
-7
-34
-1
91
-55
73
61
44
-61
73
36
45
-38
36
-113
-18
9
-70
-36
68
117
120
17
122
-7
57
-80
37
74
-99
24
11
-21
123
-12
122
42
121
-123
54
41
123
-10
76
38
-46
25
75
-89
24
-71
121
88
112
47
-4
-64
-106
-60
-19
-13
-78
122
108
-48
-45
-60
-74
-10
66
-101
113
-4
98
112
-17
-113
42
83
40
68
29
-100
37
-45
-41
-11
-18
-77
113
-7
-46
-3
45
85
-123
51
-77
6
-28
87
-11
52
75
-103
-89
9
-2
-15
-30
66
-32
-104
-95
-119
99
-74
69
97
51
-18
-121
-57
-91
-64
74
-92
-35
38
78
119
48
105
12
-60
-66
-92
-43
26
18
42
-25
-32
99
77
43
-48
7
-81
-97
44
25
-87
-65
-42
3
-33
60
32
109
57
29
110
-46
2
-24
45
56
22
-99
-15
-85
-104
3
1
-70
-87
87
-68
24
7
-32
21
-7
110
44
71
-118
-80
-23
-38
17
23
87
50
105
-74
-55
-20
30
4
64
12
-104
77
9
100
-7
-19
-26
-115
76
-72
110
22
-80
50
-39
-113
-105
-97
127
-23
-74
42
-59
-85
27
-127
100
-32
-26
21
120
-72
88
-81
74
17
-103
115
34
-118
-100
70
-71
-20
40
66
-12
21
-8
72
-71
112
-121
94
89
-102
74
-95
54
-68
-9
16
120
-103
-77
-27
36
102
-67
-24
105
-48
21
12
87
86
86
55
40
5
-74
33
-56
-17
-86
126
114
12
19
-38
-104
-2
32
-75
34
27
-31
-73
-89
-69
32
88
-51
-67
4
52
76
-111
-82
-75
-104
112
87
91
-28
37
48
-14
-56
-47
119
-47
124
-7
-8
-15
119
107
-51
36
29
23
-15
49
96
-76
-117
106
50
-68
-85
96
10
17
14
-123
-59
-100
55
83
83
-93
-32
-32
-102
-123
28
-116
37
85
-82
-106
-80
-38
31
-51
106
74
91
96
-39
92
-125
11
31
-59
-46
-121
-53
-82
17
-30
-74
24
111
77
8
-96
-92
37
-103
80
30
5
107
-51
-67
11
45
-92
-75
127
43
-51
-36
92
-27
-126
-97
93
81
79
52
18
29
-15
36
93
30
95
8
86
96
-96
-48
87
54
14
3
-36
2
-80
56
-20
39
32
-62
-113
-14
54
-90
-7
-27
-126
-35
102
-104
-115
-114
-22
-104
-117
-64
-113
-86
-13
49
72
-125
-25
-115
18
8
29
-112
87
-78
-67
72
54
123
-105
94
-54
-48
107
-83
106
-126
-20
-7
17
-68
4
77
117
86
66
-79
15
4
47
13
48
97
17
10
25
59
-94
15
98
76
-26
-27
-51
-122
81
-85
-73
40
-26
52
92
-35
-55
72
-97
112
-5
-116
-45
-44
123
-89
114
106
60
-10
127
80
-3
-6
35
99
-20
-61
-70
36
-53
-59
-82
-87
-39
112
34
50
23
-36
-125
-13
-18
-47
-117
-126
-51
110
43
50
11
44
-9
71
56
-120
-36
-60
87
20
5
34
67
-13
43
-3
-104
-12
-19
-5
-84
112
-98
58
59
-45
-76
100
54
-16
35
-107
101
62
-52
111
-7
125
16
-124
-76
112
17
-18
17
31
-40
-11
-92
-119
-113
83
-46
-29
3
-51
61
-112
92
13
-57
68
64
30
-4
-50
-15
-9
-103
0
36
-101
125
114
3
60
-2
82
103
51
49
-125
8
64
53
97
95
-112
3
71
-47
-79
98
90
-109
-45
-102
-61
60
-28
2
77
127
116
-59
-57
-27
118
-52
-113
64
-91
126
67
37
63
115
57
68
-43
94
43
-112
22
-50
-1
45
76
-79
28
87
-101
107
106
-81
-74
115
-51
86
-16
57
53
55
38
76
-57
-66
72
16
120
-104
98
107
-16
-109
-47
27
-1
24
127
-82
7
75
-30
-65
-99
-87
-47
12
-125
84
36
25
58
-78
11
-30
124
77
102
-13
103
-30
29
-72
83
46
-20
-83
-24
-69
-118
-98
87
-51
-61
-7
-12
55
99
-58
-72
-104
121
-31
-8
45
80
-6
-56
126
71
75
30
58
-14
-26
-97
-115
-98
-28
-27
-121
-109
105
51
9
8
100
0
106
-50
116
93
65
118
69
66
-113
59
-31
44
-31
60
90
65
72
-53
-64
125
106
-104
20
59
100
-90
84
121
69
-89
27
55
42
71
-99
69
-3
95
-94
119
-4
107
7
-48
70
-125
-84
77
98
-82
-120
-30
122
-1
20
-13
126
46
-102
74
-84
9
61
38
73
20
-68
20
125
14
-62
92
-44
-46
104
47
-13
0
54
-11
121
112
101
-118
-126
-115
-50
45
-15
17
-99
-111
-40
-47
-25
-97
96
112
-42
86
-99
45
-60
38
20
118
76
-42
-30
-110
95
-17
85
37
-108
-97
36
-13
-30
89
-35
29
-53
22
-96
-72
44
-73
-117
84
9
13
-19
-57
75
-1
-80
41
62
83
-110
54
-116
48
8
48
26
71
83
-71
-57
66
-73
74
106
127
-69
-67
-28
83
-94
18
-15
16
93
-24
-31
32
6
94
-21
34
60
-3
61
-70
32
115
97
10
-122
-121
90
115
108
-93
-98
125
75
-3
-19
-64
-89
-102
-81
-91
-11
22
-3
76
-16
-16
-18
34
71
66
-45
-23
27
-32
33
44
-94
-23
24
116
-24
45
32
-20
-20
-31
25
-86
-29
32
94
-2
-80
-8
99
-26
-112
-95
81
-42
56
-124
-96
20
36
-69
5
-60
-38
72
-58
123
-120
-97
61
12
-58
126
94
-17
-105
81
-83
106
-7
94
-97
49
2
-17
118
119
93
83
53
-89
112
-15
107
-16
88
-96
-32
65
-40
-71
-18
-120
-45
-72
113
-61
-64
23
13
-62
-87
116
-16
-8
-81
89
113
74
52
19
71
36
126
19
28
-97
101
-5
-17
29
-79
69
-117
-2
-51
17
39
-71
-100
98
-74
-85
79
66
-20
-9
-106
77
-10
29
-111
31
-126
-49
-119
-36
127
73
118
-19
-65
-52
85
6
51
-29
74
-26
123
75
-124
-97
39
29
-50
16
-46
-41
-20
0
85
-79
29
-41
-107
107
-55
-45
76
-76
-1
-104
48
-44
68
-32
-39
-17
115
-79
-6
-110
-57
-88
-27
56
86
-53
-124
50
102
126
58
-48
-45
126
27
108
-102
19
61
-44
-23
-23
8
14
-86
-45
44
-86
-16
-63
-74
-44
-49
80
-71
5
19
-25
-112
-8
-37
74
-48
19
-24
115
-45
-8
92
108
-61
42
-13
-3
60
-96
-8
-74
-2
52
-81
44
-90
-112
-24
-121
69
-38
123
101
55
102
66
-21
112
-90
-21
32
91
102
-37
-111
-51
-92
104
-87
-39
-46
-95
-55
-2
-112
-15
-79
-31
67
-62
-128
-64
119
-60
77
35
33
-72
99
105
28
-60
-85
-86
15
69
60
-105
-10
-121
46
-125
-72
69
-66
-112
121
-120
40
-118
-50
102
-89
-78
-56
59
126
-85
1
85
86
-19
36
100
23
-101
86
32
113
-10
81
-66
81
-112
95
-23
-82
-109
49
-28
-27
44
-50
-52
59
-15
111
34
-3
57
113
59
-102
54
68
35
-66
19
-101
4
-38
-1
14
103
124
48
-100
-30
49
-49
-14
64
34
99
74
21
80
126
-42
-122
28
-90
-111
-61
-74
-20
-110
43
42
42
26
41
60
-24
11
-57
-111
59
52
-124
23
95
-97
-116
-77
-28
83
-7
52
64
87
11
124
-107
-104
66
65
83
107
-24
36
-88
113
73
11
-128
-60
111
-4
96
23
-35
47
116
-43
-99
68
-63
22
45
-92
-124
-11
-7
-96
80
-23
117
59
-110
66
75
86
125
-99
-95
109
66
47
-45
-22
-19
80
-87
-14
-13
78
-103
107
-34
-48
101
-124
-55
70
65
-113
-128
70
-96
-74
52
117
-57
110
-43
9
-22
-2
-3
-90
79
-18
-62
-71
-68
38
-46
56
75
-66
-26
-22
32
-125
5
-96
-68
36
-107
12
58
-110
33
99
-67
85
12
-48
74
70
34
-76
108
-92
-60
-103
-69
-92
-34
-1
-8
-104
109
-115
110
-79
84
-70
-59
63
-97
35
122
-56
56
114
102
-55
15
51
-100
-19
-6
-83
-24
111
-61
-126
-39
37
125
101
118
-83
45
-32
16
-117
46
-46
2
95
-111
-18
77
-102
105
3
-87
-59
-92
59
-7
68
117
-95
87
-15
-7
-46
18
120
81
-95
78
-23
-89
-9
-27
-68
-68
5
-4
-107
-121
-99
-26
3
124
-14
58
-82
-113
-26
-86
71
35
-55
38
2
110
-7
117
-121
-93
-74
59
-12
20
116
-31
-12
-68
-71
-63
-106
-67
120
41
-80
91
-124
90
80
-108
-50
-77
-98
-4
-5
116
95
-116
-117
116
110
-66
-14
13
51
-75
2
-92
-52
-19
-53
90
-12
-77
72
-81
-1
16
-49
64
35
71
-98
-30
12
-59
73
65
-89
36
-34
-67
-51
101
2
-39
-106
-25
31
77
-120
-40
55
-72
-56
-127
28
-27
-113
56
-88
46
-45
-28
13
-54
-2
-114
-86
32
-109
-101
-68
111
-85
-82
6
-45
-40
61
-101
40
-91
106
87
118
115
-36
-11
3
121
9
4
76
88
106
5
-8
-4
9
-9
-103
-54
107
116
-117
49
58
-93
66
-113
85
33
-87
105
-88
-21
-113
-52
125
-86
-42
89
-30
-107
121
45
-27
27
4
80
-53
-117
127
69
68
119
74
7
7
-102
11
-104
-110
-30
23
-12
-83
84
-79
11
-55
-48
-17
-67
-4
-101
-48
34
-109
85
33
80
67
-66
-3
112
76
47
54
-108
13
-106
37
112
-73
88
75
-87
-27
73
-112
117
-26
-69
84
87
-63
-18
24
15
44
-30
94
43
126
-52
-8
-100
82
50
34
-110
-38
91
91
0
-42
35
47
48
40
-71
-126
67
-53
-99
96
13
126
-27
-85
109
-21
-90
-12
127
-28
-110
-44
6
74
63
-19
99
56
-2
-81
119
-35
-127
120
34
-83
0
88
31
86
7
11
-62
-3
126
59
-17
-10
-44
-103
67
-86
118
111
-33
18
-67
27
-68
-34
65
-47
46
-44
-92
-112
46
98
19
70
57
34
84
3
102
102
-62
-113
-27
55
-68
-110
2
83
-116
-104
-4
-7
122
-46
22
-83
66
-19
-88
87
-12
-78
39
55
110
-36
103
-85
48
111
119
39
80
-89
-50
93
10
-40
-39
-76
33
-75
71
115
51
-96
-64
-116
-110
-61
5
-48
7
-107
-116
94
3
-42
-103
127
-12
-48
-103
-22
91
-48
-83
-115
-98
-93
47
-95
110
-68
-56
-45
-84
-111
26
-50
-108
26
-27
64
16
-18
19
-61
-110
-42
-11
-24
-56
-124
-91
-106
-22
74
110
64
79
-80
8
40
-114
-37
25
121
39
39
24
-8
114
46
54
104
-50
124
-9
-83
104
-90
96
-122
-18
-121
106
-91
56
58
104
-60
22
-2
123
110
107
118
74
18
84
103
73
34
48
66
-106
54
114
52
108
54
98
34
62
43
34
74
-24
-2
-57
50
46
-29
93
91
-117
35
85
41
37
-76
-111
95
97
88
-16
-45
-58
61
-119
99
-37
36
-66
-2
-63
-100
-32
-16
91
72
58
22
110
-47
26
68
42
74
-63
-81
-122
-14
127
-104
98
-1
66
-104
45
17
-96
-62
-4
-61
-74
-53
69
127
-97
54
-35
-9
-64
90
-32
-88
-90
119
113
43
61
-38
-24
53
127
104
-125
17
94
37
-62
-92
7
11
61
-50
25
123
125
52
-104
-83
101
117
-41
55
66
32
85
-123
-94
-55
-7
74
67
19
94
27
-37
68
42
-14
-11
-5
-123
2
-77
-48
-1
108
20
5
117
-22
52
-92
103
-63
-74
-125
99
90
49
-42
-80
-11
55
94
109
87
107
31
-96
-37
-124
-10
47
87
63
-78
16
16
40
75
-7
-2
-96
88
1
-8
40
15
-79
24
-97
-50
12
-128
-40
86
-38
82
50
50
6
-88
-3
89
60
-45
-49
30
90
79
12
-107
-103
94
-113
-14
-80
-113
93
63
-116
-60
-4
22
-86
-34
-13
-26
-37
-65
125
91
-69
-9
-46
-65
-26
-107
-103
22
-85
-10
59
25
-61
82
34
-89
-55
111
119
14
-76
34
-116
-73
93
68
33
125
55
121
-38
87
115
102
-70
-71
33
6
41
-7
-26
109
124
67
-24
117
15
3
-67
108
-103
119
-51
-76
48
-39
-8
-36
81
-105
89
-107
33
73
-88
25
96
-68
-65
107
-95
-48
25
15
-15
52
25
-93
-13
41
123
48
5
-121
107
-16
-38
85
-110
108
17
-14
-38
-27
45
59
106
-65
104
-40
-60
-20
-13
-14
-55
-44
67
9
111
120
-13
-42
-109
6
-74
63
106
-113
62
89
-66
-49
82
68
-4
-113
42
-17
-96
29
-104
9
-61
94
53
67
1
-87
42
-87
5
111
-89
-83
3
-15
123
11
10
-73
-94
-68
88
28
11
24
-103
-70
-103
113
-25
-113
29
59
54
110
-36
56
50
-126
-100
1
83
-73
110
93
91
54
-115
-112
-110
-7
-75
-87
83
-89
-54
-51
65
116
99
-28
-96
31
126
-8
-63
120
-57
-125
57
-27
85
73
13
-82
-60
-83
-82
123
50
74
-23
-117
-12
104
-98
8
107
-78
-23
-68
121
-13
72
123
-74
-20
18
49
-126
-105
49
100
-56
-112
-115
27
55
18
12
114
23
-106
113
1
-114
57
-27
117
100
9
-15
-60
-12
-69
-41
100
17
9
-83
76
-43
-86
85
105
-113
90
-74
108
9
31
-75
43
47
4
5
5
-31
-6
11
22
44
-48
111
14
34
42
-18
106
-57
-49
24
-105
59
121
-85
-68
-73
99
-73
-45
71
-109
-2
120
-122
35
-63
13
113
-100
49
99
6
-4
93
29
-67
101
84
-88
80
97
-4
-8
-15
-37
-76
-77
-36
-49
-99
59
103
60
-127
-52
-100
-14
58
50
-65
-72
80
-1
91
-38
-3
-65
84
-34
21
43
86
52
109
-38
20
7
13
14
14
-122
-122
-38
114
86
102
54
-19
-74
102
-6
36
28
116
-51
-102
53
-5
-10
-19
-109
-43
60
82
-84
-99
58
104
-78
103
-54
-101
24
-69
-99
62
-102
-84
45
11
-57
77
-119
111
42
2
33
78
-16
-31
70
99
-57
-114
-75
-21
43
-99
17
-127
-127
-127
4
-64
-50
-99
59
-23
-46
-28
36
71
113
83
-45
-54
11
50
-65
56
52
84
56
40
14
-86
127
-82
39
-113
118
-24
-48
-63
-82
-77
50
75
-108
40
-15
-50
59
-17
-52
-103
51
7
78
69
61
60
115
-26
12
-26
77
-2
127
-80
119
89
-112
-104
126
6
4
9
21
35
30
56
112
-128
64
-92
127
-78
125
45
35
-32
-83
-64
-27
-27
-61
-66
-66
-59
-2
110
-90
-68
-64
-59
8
43
-30
79
-98
60
73
73
73
-71
-90
-99
-107
9
-43
25
60
120
112
-127
2
5
104
-31
-23
-109
106
-44
-88
97
-53
-70
51
127
127
-1
-41
94
123
109
-26
-52
-103
-78
117
-52
-8
53
-108
-89
91
81
62
-51
-44
-40
-19
-9
-47
100
-115
-104
98
71
-2
-57
-113
63
-2
24
-81
-99
-98
5
-23
38
-36
109
57
-92
-60
-120
124
-7
-14
-47
-106
-47
-100
-55
-111
-103
-104
82
86
69
-71
95
-71
-105
-26
86
121
-117
99
-9
-87
-72
-84
-66
35
5
72
-97
52
121
-14
100
-68
-77
80
-95
66
-19
-38
-75
-85
95
-65
-66
45
-97
-21
115
-28
-56
-47
-68
121
115
-6
-92
37
75
-106
-48
-56
31
63
126
28
70
65
-58
121
-112
126
115
-112
105
-27
5
38
-60
125
-30
-93
73
-23
107
-112
113
-42
-21
-41
-81
-53
114
70
-6
39
-102
68
91
62
-120
24
81
-68
120
113
104
83
84
84
-44
-95
67
-121
100
3
-125
-100
76
-90
-86
-5
71
-72
87
-34
-30
-40
125
36
46
-97
-21
25
26
-28
-101
-56
-97
63
127
126
-11
-22
-43
9
123
57
43
19
79
85
77
99
10
36
-29
81
-93
70
69
70
70
42
55
-84
-14
104
-7
14
109
78
121
29
38
-60
125
-27
-93
18
118
50
-1
113
-23
-46
37
-71
86
-112
-24
-84
89
-77
-90
106
21
-53
40
95
-66
-4
-60
-119
19
-95
77
114
-128
22
-81
16
94
-17
-8
97
-33
8
-9
-54
91
28
-69
-113
-60
101
-94
-124
-80
-57
-98
-21
-42
-83
-109
-77
50
-23
-109
-38
-74
109
107
-41
26
60
-78
50
-84
108
-18
-36
-71
-33
124
-13
-115
108
29
-125
-122
98
76
-110
-73
62
-97
103
78
121
29
38
-60
125
-27
-93
34
-50
-40
82
83
83
9
68
90
111
-56
-45
-58
-115
27
71
-113
30
109
23
-81
55
-126
74
55
123
-10
-20
-104
-104
24
42
32
117
-112
114
-81
-57
-67
83
120
-94
-68
27
100
-68
-72
76
56
-61
-11
113
26
-68
-89
87
-81
94
84
-10
74
-107
42
65
67
43
84
-88
-96
-102
-61
20
10
23
46
-36
-77
103
-49
-48
-48
80
57
69
43
78
59
17
27
-107
60
95
33
-22
74
121
35
76
-120
-69
-4
-122
127
-49
-39
-18
39
35
30
58
-101
-74
18
-24
-30
-6
114
-121
91
-73
110
17
-108
-5
-9
-17
39
1
-12
-21
-41
-49
-82
121
100
29
-80
40
-3
46
97
-31
-8
-88
-25
56
-101
-84
-61
19
-27
-35
32
-125
-59
-59
-116
80
124
104
12
124
102
-60
-120
17
-12
73
-28
-50
-114
29
59
-42
-86
85
-53
-106
62
9
-50
-128
1
-89
76
-103
-78
96
-63
-126
-24
-24
-24
-45
-89
79
-61
-102
-110
52
-89
81
86
68
120
-85
-68
2
19
-30
46
-25
66
-99
-18
126
-14
28
34
78
8
-54
124
29
-87
-108
10
37
103
17
70
68
68
116
-23
-46
-59
-106
-119
16
35
120
109
125
-5
-10
-123
-104
-14
20
-103
38
-27
-71
38
-26
-21
30
-38
52
118
-11
111
61
-122
34
46
-121
-71
82
25
-28
-102
-22
25
51
102
4
4
4
-112
-13
32
-9
13
27
54
-76
101
-3
-78
-97
-97
95
-93
70
-115
38
76
-104
64
-112
-109
68
-119
115
30
68
18
-123
87
-96
-119
87
54
-76
119
-20
2
123
-42
-108
56
-62
40
126
71
59
61
75
118
127
51
126
-36
104
-6
-12
-23
77
-102
52
-79
-67
127
34
-75
-64
37
-24
-15
-23
70
-23
42
-28
-92
-99
-69
14
87
-74
121
-91
-68
35
50
82
-4
-82
-74
41
25
119
33
-62
-79
-34
-30
-59
-117
107
-41
-82
77
-30
-76
-67
79
-62
110
56
40
100
-116
23
36
71
60
-56
-66
100
-59
122
94
41
-17
8
115
-30
-18
124
52
-55
5
111
72
118
77
29
116
24
-59
-109
52
55
-107
121
17
-3
-12
-84
73
-109
38
-39
126
122
86
54
-51
-36
-31
-31
-31
-69
119
-17
-90
127
50
125
-28
-117
-115
99
119
-124
-25
-30
73
-23
-121
59
92
-67
122
-107
-60
70
-93
13
-5
-92
-2
4
5
5
-75
107
-41
-50
-82
101
77
-46
39
-55
17
27
-124
55
85
94
-65
-86
65
-79
-101
87
-54
59
-123
57
-15
-116
-16
-47
100
-61
-23
89
4
-88
-100
-98
69
-25
-8
-15
-57
31
-37
-43
-112
26
65
-126
-63
-30
-72
-23
-119
19
39
-28
-54
1
-27
-56
29
111
-107
87
-112
97
-30
-78
-2
-31
-102
118
86
-26
-82
93
-69
-6
-12
-23
3
107
-84
88
-79
34
-60
-111
63
109
-87
66
112
6
-38
-81
89
-77
102
-83
92
-71
-110
71
80
124
-56
35
-41
92
28
57
-106
-20
-115
-14
78
97
78
60
-125
124
52
57
-3
-12
44
2
20
-117
31
62
124
88
54
-128
-61
32
109
-17
-97
114
-25
-50
-3
-6
-21
-81
71
70
70
42
-13
79
-70
62
38
-108
55
34
99
-60
-59
92
-48
21
-86
1
53
97
-8
-16
-31
16
-18
-110
37
75
-110
65
3
3
3
-19
-22
-109
-24
-70
66
66
66
-28
78
1
122
77
-68
-109
114
39
-13
32
-86
-34
26
60
84
94
21
75
-121
57
-15
-116
-13
-47
100
67
98
-96
57
37
-101
-110
-22
-32
64
-99
59
119
-74
-27
22
7
35
120
-99
-3
-6
-11
-45
-81
94
-106
-123
81
122
98
48
-89
-68
-114
12
16
-105
-75
69
55
-75
75
-61
8
-77
-80
-80
-80
-14
-27
-53
-25
-53
-105
-81
77
-101
54
-115
27
55
-74
107
-70
-82
65
-125
6
19
39
78
-108
-101
-125
8
3
-39
-25
41
21
-49
-107
-2
-98
40
-17
74
54
-39
-84
120
-122
-6
104
-110
70
-80
100
61
-60
-7
-13
-25
-31
-26
-47
-47
-47
-77
103
-49
-90
127
82
-19
103
25
101
-54
-108
25
57
114
-28
-26
-51
-101
-27
-100
108
-38
124
-35
77
-51
41
-81
-61
-41
-30
-78
-121
81
78
-47
34
-104
-23
-109
-126
-125
-125
-15
75
90
-17
86
-83
90
-39
-75
-20
-95
82
-91
74
112
45
28
116
-35
-70
117
114
0
12
79
-92
-89
78
77
77
117
-75
-84
41
-39
3
-27
45
-114
-35
-87
120
70
-5
104
-94
-74
48
74
46
117
-112
-45
77
98
98
98
-24
-97
124
-79
-29
-103
-98
108
-22
-44
-87
-4
-2
-47
-93
71
-115
71
-110
-101
83
94
-121
79
-59
-97
62
125
-118
-93
72
24
39
36
36
-48
104
119
-22
-44
-55
-49
-49
-81
86
-83
90
-48
80
-69
-6
-92
82
-91
74
-11
-17
-33
127
-18
-36
-71
-6
81
-124
-68
-111
-108
-108
20
-9
-53
-102
-110
-97
-91
124
-102
-75
-79
-89
-71
16
-49
80
31
21
-63
68
109
97
-44
29
-19
50
102
89
24
69
-1
52
100
-56
16
-97
-10
79
114
85
-8
-51
-12
-101
-104
-51
41
47
48
61
118
-127
123
-15
39
79
-98
-16
111
32
39
36
54
-68
7
-58
66
-119
47
87
-82
28
52
-76
106
-43
-86
-74
-84
22
-49
-97
63
127
-113
30
61
66
67
67
-23
-109
-28
115
61
-84
87
-76
114
-65
-84
41
-7
89
-54
-89
89
27
123
-102
11
113
119
62
-22
-8
-91
74
-121
-71
15
93
-126
68
109
-97
-61
47
26
112
26
-78
-59
-66
125
-5
-80
23
125
43
-26
83
45
106
13
121
-13
-26
-91
127
90
-70
116
41
-17
91
-82
-56
33
97
-56
42
30
85
99
3
-36
40
-97
100
109
-20
73
110
-59
101
-43
8
-95
43
-105
94
-116
27
55
78
-18
20
104
-33
-66
125
-99
58
117
108
57
75
-117
31
-127
-44
-50
-104
49
-125
62
105
-5
-10
-19
-12
73
36
108
9
90
-39
-123
108
90
121
-127
47
-60
93
-50
51
-71
-57
61
83
-101
-89
116
64
122
36
68
40
106
84
124
106
49
-10
34
-31
81
-50
108
-17
-97
32
112
31
124
-16
-127
28
-83
65
91
32
-57
69
37
107
-45
-48
-86
90
-98
-63
-30
-40
93
-119
83
100
49
11
-70
73
18
-99
51
103
78
-59
-118
21
73
-94
45
90
-76
104
-42
-84
-103
93
-47
27
24
24
8
77
-121
-122
-54
89
-103
114
54
17
-75
-123
71
123
-78
111
-47
-107
-14
30
-62
-100
-72
-53
-7
-6
-121
110
-3
61
-51
-44
-26
41
35
48
10
-20
-112
-84
38
-13
79
-69
118
-19
-126
-68
79
-98
60
57
40
40
72
-75
-85
101
-68
-6
-22
-85
80
94
50
19
57
-101
-52
125
-1
-2
-3
-69
-38
-91
-16
-86
-34
26
60
81
-34
-30
-40
29
-59
19
-45
-17
94
35
98
47
94
-68
-72
101
-53
22
88
74
-18
-36
-71
-21
-41
-81
-33
-70
117
-21
-30
-59
-117
-85
67
50
-123
10
21
42
124
-12
-47
71
-77
102
-51
-118
-116
-116
-36
-74
109
-101
-20
95
-112
-77
50
101
62
-55
-100
-14
58
124
36
-18
-37
117
79
110
-16
80
-53
-22
-6
-117
57
113
-30
4
-51
-51
-86
85
-85
70
-115
26
101
-5
-111
-103
-39
-76
-123
81
-76
8
114
93
-114
-80
97
121
49
-86
-22
30
43
111
113
-20
-118
56
-90
-112
-19
-118
36
-74
-99
59
119
-10
-20
-39
51
79
-98
60
-43
-85
87
-121
-122
-38
-75
76
12
-38
-16
-18
-69
-17
98
4
-104
15
85
5
83
56
-50
-61
-103
83
94
-121
-113
-60
-97
-89
-113
74
-24
-56
-121
125
-6
110
57
60
98
-7
-14
-27
52
10
69
-118
20
81
109
108
13
116
27
16
9
72
24
21
-97
-112
-72
113
-29
-122
-12
79
-6
-21
49
-95
-68
34
40
48
33
-98
-88
53
-111
52
46
100
53
-22
-17
-32
-63
-125
-87
-20
1
1
1
29
59
118
-84
86
-83
-102
45
125
-46
-117
47
-66
-40
-83
91
-73
-80
-80
48
-52
75
-110
54
126
54
54
6
-86
9
-27
-115
-16
-111
-8
115
-10
-47
-28
-12
55
-124
-45
-112
-31
14
30
60
72
-120
-49
-101
55
-81
123
-9
-18
80
49
-43
-46
-42
-64
15
-46
-106
-15
-5
50
37
45
-13
79
82
119
76
43
-17
8
111
-59
101
-43
-120
-36
-67
118
-22
-44
-87
79
63
-3
-12
-91
-105
94
-126
67
83
-30
-27
-86
85
117
24
-34
-61
-72
77
126
-21
-42
-83
24
89
-65
97
85
-7
92
-17
-83
-14
10
124
36
-2
-4
125
52
89
115
83
-102
39
-39
-104
79
-113
-65
113
-29
-58
47
-65
-4
-110
50
-25
-117
-2
9
66
-74
103
-49
30
-71
-126
76
-97
127
122
94
-17
73
-40
-114
44
99
-64
111
100
-101
60
85
-66
121
-13
-26
-12
73
118
29
63
24
28
28
60
126
-4
-8
-59
-117
23
71
69
69
29
62
124
-104
-127
95
74
-65
-110
62
73
-125
57
-27
29
-31
35
-15
76
-31
-93
73
-122
107
5
73
114
-12
79
88
115
-26
-52
-103
-66
-24
-97
42
87
-82
28
18
18
34
27
75
32
24
58
33
51
42
-29
-107
-14
10
60
23
-41
71
77
74
-93
-14
-82
94
-67
-102
22
62
87
-82
92
117
-21
-42
-75
113
-5
7
116
118
-56
-112
33
11
22
44
88
-69
118
-83
92
122
65
46
-48
-89
51
76
43
-81
8
10
124
36
-98
41
124
52
57
61
-93
-56
-28
19
-3
-45
-18
-35
-69
-87
74
-93
71
-113
46
91
-74
-84
106
117
-53
104
-40
-80
-31
-20
-39
-77
113
83
-29
-62
40
113
26
115
-54
27
-31
-71
-72
-52
98
-32
49
-124
-54
-114
29
59
122
-12
-24
65
101
-81
82
-91
74
-121
14
29
-20
58
-114
-96
120
-15
-30
-48
27
-39
38
-113
73
101
-101
-4
-49
26
28
29
-44
43
-27
85
73
13
62
18
-49
44
62
-102
108
88
24
-59
59
-125
-103
-55
-58
-110
1
3
6
-40
126
-80
-103
113
99
-119
-100
24
101
92
24
101
78
121
29
30
-118
-53
-121
5
89
90
79
-3
-91
79
-126
46
-105
46
93
26
7
-83
89
-77
-90
45
36
-57
-33
-33
-65
107
-41
-82
-6
13
-85
-116
84
-10
38
72
120
-88
122
107
-16
80
121
-117
99
-9
86
-4
-1
0
99
-59
-17
30
-33
-39
27
-49
0
0
0
0
73
69
78
68
-82
66
96
-126