-119
80
78
71
13
10
26
10
0
0
0
13
73
72
68
82
0
0
0
-106
0
0
0
50
8
2
0
0
0
49
-18
-75
77
0
0
25
-115
73
68
65
84
120
94
-43
93
-69
115
29
85
118
9
64
4
-119
8
-50
94
-65
-93
101
5
17
36
65
-5
108
120
-99
-46
-90
55
36
-97
-127
-23
91
-17
-91
67
-102
-12
41
-60
-20
-24
-115
-38
-108
-96
-26
-96
90
-1
-91
19
-100
6
-43
-82
124
3
-57
-37
-125
30
10
-86
-97
-29
93
62
93
119
114
101
3
-33
-70
32
-38
3
10
94
118
-62
-5
-58
-94
-113
-78
-116
106
30
120
46
82
126
-74
-52
-89
36
18
-124
-82
119
64
94
-121
56
126
87
93
-90
44
-33
125
-41
-6
-84
-125
94
57
55
44
74
6
-41
-24
105
21
-95
23
95
-60
-67
-51
13
21
25
-38
59
-127
-4
103
-122
-57
114
-40
95
72
-56
100
51
75
122
73
91
25
-108
86
107
-2
78
-6
66
45
89
-57
42
3
13
87
-100
24
-20
42
-98
99
49
-88
-67
80
29
27
110
23
-66
65
-51
87
65
-54
-106
102
19
-21
-116
63
-91
-58
81
-82
-54
-58
70
58
4
-86
113
-50
-28
32
-90
-83
-45
124
27
88
31
-73
127
16
58
39
104
74
-66
84
-121
42
-120
-27
78
-128
-30
-74
-89
-19
0
62
-36
-128
-68
-108
-38
-45
1
97
21
-123
112
-79
-44
-33
-53
89
-76
28
-32
-14
76
126
113
-14
26
-43
5
123
37
29
116
69
-1
-122
-66
110
-122
-84
49
13
-63
85
-81
48
-31
-62
-11
-83
24
-100
67
-88
41
-62
-114
-57
-11
39
-22
-67
-89
-40
-65
22
-108
-114
-79
30
57
-123
-53
-103
126
-22
-33
-19
10
6
-103
-5
58
-113
70
-18
71
-113
-60
-59
-118
-50
-90
-25
-125
-111
9
15
-128
100
-100
90
-47
-64
-87
109
-27
4
59
-98
-25
-14
9
-124
98
-63
87
-69
-114
-83
73
-49
-54
-33
-27
-17
-119
-55
89
-57
-12
26
31
-35
78
-5
-91
-37
82
99
51
-4
77
-46
-93
-116
16
12
-104
98
-41
65
80
113
7
-20
-48
97
-87
-2
-8
-96
61
123
-81
49
-38
-95
84
-58
5
-68
-76
-26
-33
101
95
-57
-101
-26
1
-2
93
-94
75
-75
15
-111
-97
-106
108
-51
-79
-17
-123
-71
95
-80
-126
112
67
-14
3
-121
54
72
80
60
66
94
65
98
-94
109
-87
108
46
2
113
-102
-104
-9
-48
-123
-97
84
109
60
98
79
46
126
57
40
-100
43
-107
16
-117
-59
73
42
-99
90
-108
115
38
44
121
-119
-122
-97
-20
-65
127
-115
-61
-117
102
-14
-57
-45
85
33
-86
108
-119
-69
-74
35
110
-22
40
-8
-118
-89
-123
-90
-29
-32
-110
-10
-49
-19
9
-108
-20
104
-22
47
-50
-86
14
-21
126
-38
50
37
-54
100
109
-6
-33
-61
125
-45
125
-26
20
-93
23
56
123
70
0
116
-14
-64
124
40
-126
-51
-120
92
48
-14
19
-47
-4
115
-41
-99
4
22
-94
-90
-59
-51
114
95
16
-72
-46
7
-111
-119
121
-95
59
126
-89
-86
85
-96
-122
44
-108
-27
41
-76
97
-8
49
-96
-30
-112
-62
111
-115
-92
-123
-44
-65
54
-69
-114
68
-87
10
-35
-47
18
-47
-124
-99
-82
-15
119
118
70
-95
70
42
-41
-32
-72
-17
114
112
121
70
37
23
-122
101
71
-15
56
-25
-104
-81
-76
-69
-30
27
-106
21
59
-68
70
-28
121
34
57
-22
-5
3
69
59
2
30
-78
93
-108
-92
25
-68
-24
-34
-41
31
85
-52
-9
16
-43
48
38
-41
68
75
-121
-18
-51
47
-3
84
-125
81
-77
54
-41
122
42
61
-55
40
-37
-1
-98
-74
-84
-56
15
-56
-92
-126
109
-118
69
-124
88
-18
104
-119
38
8
-116
-29
-18
-111
25
-90
108
41
-124
80
-76
-26
120
78
-46
-128
-114
-79
-111
57
-64
29
-47
122
-37
-46
-104
-61
87
107
-62
73
34
27
-51
123
-92
36
-23
-112
-67
-11
7
36
46
-58
-93
-90
123
118
59
117
-99
106
-34
-55
-54
-106
109
90
-121
-95
-124
11
61
100
60
-5
96
26
-59
83
-48
-71
-47
-75
26
-123
11
-107
-58
-77
-23
8
54
-65
76
66
23
126
-110
-68
2
101
47
-6
-55
-53
112
-21
46
-111
68
82
34
96
-51
52
53
35
11
126
117
-71
-19
-33
23
99
1
-18
86
115
-127
123
114
99
115
-29
78
36
125
69
-78
-5
-39
-125
-110
-125
-128
-32
110
87
120
39
118
-54
-68
17
67
-108
71
97
55
-101
65
98
115
123
-82
65
32
-42
94
-1
-40
-110
-110
26
99
-74
82
3
126
94
-101
-108
72
76
-49
-74
-55
-109
70
102
-102
-36
-35
-69
-97
-39
-107
-79
-67
80
116
16
-84
-98
-51
9
20
62
71
4
-69
-52
-90
-22
-35
-58
-59
-70
59
-71
-99
-21
25
27
23
-91
-40
96
103
-112
-89
-85
-63
-89
26
-93
7
-28
75
66
104
-100
-14
78
-51
104
-73
-6
-103
98
100
-77
24
60
-126
85
-77
-89
9
-77
89
70
-15
86
-30
116
-42
15
-36
59
-97
-72
-87
-56
-5
-123
-95
-46
94
105
-103
-109
-76
-39
8
124
-70
-83
106
-120
-52
-96
69
83
101
43
-38
-102
-31
-13
105
-35
38
2
-37
61
40
-41
65
106
77
63
99
127
66
-20
17
-77
30
-101
-30
-40
119
-44
46
97
-28
118
68
79
-63
23
-64
-108
32
-62
101
-107
94
-56
97
112
34
-84
31
-3
-43
-21
102
11
-23
22
-7
104
-27
113
9
122
-80
-21
-120
-99
79
-110
-78
-74
60
-108
85
-23
-75
-69
11
79
-119
-119
113
-45
116
-4
-88
-107
-92
52
-117
48
-24
62
102
-105
-85
-74
-12
-36
46
-2
63
73
118
-24
7
6
-94
-127
-118
0
-9
-27
62
-98
-63
-75
1
66
118
-45
-10
-48
103
77
2
87
-115
-27
122
-17
15
113
-79
-12
-115
9
-57
-9
44
-43
24
83
-39
85
-51
76
60
-25
-97
-108
-5
1
-106
0
109
114
-6
32
-32
-118
-61
27
54
-32
80
-120
88
80
-90
102
75
-99
65
80
109
102
-89
69
44
-104
101
-116
22
-52
-9
-75
-78
100
-49
57
78
-57
97
126
-44
-100
-26
48
42
76
89
-77
107
-9
31
-32
-20
-43
21
-93
35
-85
-7
-75
54
-80
-106
-107
-64
126
-85
-61
15
91
28
96
-95
-15
126
-43
92
124
-45
114
30
20
120
-27
-113
-36
-69
103
24
110
-128
-97
65
68
47
75
38
-100
-90
-50
-46
120
48
24
-57
-90
-122
-41
49
73
-115
-98
-12
-110
-127
17
-20
-104
40
-76
23
-16
86
-25
7
114
29
28
108
3
-55
-68
-42
81
126
-118
-39
74
-28
86
103
108
69
67
25
106
-66
98
-78
88
-77
78
29
69
106
79
-115
111
-94
-12
114
-43
-66
-37
5
75
103
-123
56
-122
-69
-18
-6
8
21
89
-82
84
-32
-66
72
32
15
-50
-21
-3
9
73
23
-103
9
-40
49
95
48
-114
20
-3
42
107
1
86
1
-5
18
32
-96
-63
118
-13
-4
61
78
95
72
120
52
62
71
25
-100
67
-26
-2
-15
27
-19
-84
115
32
19
-26
-68
-31
0
72
-124
-119
90
62
-26
84
19
-81
18
34
-112
-90
85
-42
53
-62
81
52
-76
83
-11
-42
-128
24
65
58
41
-89
-61
96
46
120
-23
-59
-45
75
-45
-96
64
125
-31
71
11
61
68
-124
-28
-36
-91
86
-89
58
52
71
-68
79
87
90
120
-98
-75
-26
126
67
-6
57
121
96
-81
-33
51
-105
-122
108
108
6
-88
-70
62
-19
35
86
18
44
-68
107
-101
63
42
-46
-58
-32
-54
74
123
72
29
66
110
-109
81
51
-122
-117
120
-60
-23
79
-9
-126
-125
93
54
17
-4
108
94
47
-89
19
-62
118
-41
73
-16
-118
-17
32
56
-41
57
95
17
-101
65
94
-32
16
35
-110
-34
101
97
-19
-126
41
-105
-57
44
124
73
122
0
-83
-101
-9
-7
-100
-82
62
86
-40
-18
-26
-58
-20
-13
25
-66
-17
-126
14
-9
-56
-1
-104
120
-25
-23
66
32
108
-112
70
-92
-105
-16
-24
83
100
-17
44
-73
14
87
-109
82
-94
5
-42
43
49
59
67
-26
-88
107
43
40
-84
21
-26
94
13
64
83
-38
-86
-22
-27
120
22
91
-120
-2
-104
-4
116
-96
-19
-56
-53
66
-82
-122
68
-102
-76
-40
33
96
-93
117
-73
-47
-60
95
-19
16
77
124
38
-57
-21
-96
-41
37
-123
16
73
16
-74
98
96
-94
22
-106
30
-41
70
52
-97
-85
51
93
-37
45
10
35
7
-90
80
15
-74
48
52
-11
94
109
36
-73
23
100
88
44
-91
-57
45
-94
-54
7
66
-75
52
-104
-101
-63
-15
10
-87
-36
-109
65
-106
-30
-29
-61
60
-120
-55
-55
-87
-9
99
89
-98
-80
-92
67
63
-34
-71
-56
-120
-94
-26
46
106
-59
45
55
63
13
-12
77
24
-70
1
4
42
-26
-20
66
-111
-42
43
-92
120
-115
121
-113
116
92
-9
-47
19
-111
-19
-121
4
66
-120
87
64
-121
65
1
19
85
2
-2
-113
114
64
-67
-66
-94
66
-20
-128
-68
120
3
-104
-125
-74
115
-48
21
7
-87
4
-55
-1
88
-32
33
-87
-19
-15
75
-38
-92
-30
30
-63
43
42
44
-47
85
-19
-3
101
-119
112
-110
-21
-80
-97
-42
0
-56
-114
33
-111
23
-21
-37
-4
29
13
-98
-11
-2
-42
-40
84
-104
1
1
75
-74
-39
94
-16
-127
70
40
-15
11
103
-32
67
90
-115
32
-8
96
84
-75
-64
61
118
-66
-28
122
-24
95
78
105
-105
-53
110
75
-78
-22
-72
-42
-41
-10
92
33
-110
-109
-24
45
-109
-128
14
-127
-127
-92
-43
120
-17
56
123
114
-102
87
71
-34
115
86
-112
79
-109
69
55
-9
-93
123
-108
-54
65
89
-60
-36
6
90
-107
75
-118
105
45
6
13
67
41
-61
-54
23
36
5
125
33
87
-57
120
63
40
-101
-56
-125
62
81
-110
-18
-90
81
-93
86
-60
-60
39
71
-65
-3
126
-77
95
-30
124
-61
-19
122
-77
-116
-22
77
-72
-77
112
17
-40
-35
35
8
-118
-28
37
6
-80
107
107
-38
115
90
-62
-82
10
-88
62
-11
8
-50
118
-17
6
-18
124
102
-92
85
49
-51
48
-77
42
60
70
54
8
-82
-120
-79
-92
8
-98
-68
125
106
-14
-61
-59
-43
-49
-73
-35
98
91
-86
-68
70
109
87
3
-95
9
15
89
43
-9
92
126
57
-87
-12
34
-78
112
-58
-7
-60
7
33
33
78
13
-59
-50
-66
-38
-102
1
43
-127
25
115
-128
-49
-127
42
-75
-76
26
-104
123
19
-115
-33
-48
25
51
107
124
-20
-43
-86
18
-68
91
-1
97
8
31
-70
-70
48
20
-46
76
-42
-3
-74
-69
-18
-113
-61
10
-57
-104
100
-75
-112
64
-72
-59
7
43
60
119
-120
69
48
-28
11
21
26
23
-107
-1
111
78
29
-33
124
109
48
99
-97
-112
79
70
127
25
59
87
96
-51
85
-95
-123
-34
-84
14
66
-55
-44
-101
24
48
48
115
-53
52
-66
23
6
75
93
-40
-94
58
123
49
-69
-87
102
-43
-19
66
-48
72
-45
-94
125
-59
71
-114
82
-4
-68
35
-55
-100
-116
-85
-53
-20
-116
58
-53
24
90
58
73
-47
14
62
-68
-91
102
37
-94
115
-53
-58
7
-77
-119
-98
-91
-39
-127
-44
-112
-32
-67
42
-76
126
70
18
-37
-29
-16
-76
-9
-16
19
-117
-39
-41
90
-53
-32
14
-128
2
-1
-84
115
49
105
124
-42
-12
57
94
48
-120
107
85
33
102
-75
-15
-76
47
-126
-122
-83
-59
-36
105
37
11
-26
-83
95
83
71
104
-87
1
1
-62
-61
101
10
17
86
-82
30
-92
37
29
-31
-32
63
-52
50
-110
-97
28
-57
43
83
118
41
-70
24
-97
-102
-71
79
-23
-118
-41
125
82
-105
67
9
-104
-125
1
-105
-62
44
-21
24
-11
1
-95
90
-1
-10
70
5
97
-65
79
-115
122
-75
83
92
125
-122
-73
23
9
78
-126
11
-47
-66
88
-25
120
-5
-79
-102
-97
-71
9
110
-35
-48
-124
40
62
40
86
-5
-47
71
68
-38
-68
112
82
28
38
-23
76
-66
-27
-47
29
-25
126
-36
-87
36
53
-86
4
21
-86
-69
-94
-38
-57
-77
121
26
-19
4
85
-88
-60
7
-114
22
76
31
-117
11
-1
-70
-94
64
-115
93
75
-99
30
-59
112
42
83
-95
-6
62
-52
-49
47
60
-63
45
-78
-102
-61
-120
-24
-11
34
-84
-66
104
127
-38
-5
105
60
-13
-6
120
102
101
-64
-73
53
74
-49
-117
-39
10
97
38
88
-62
114
-69
-69
15
99
109
15
4
65
-128
56
70
62
-47
-67
114
53
-48
-60
-111
-46
127
40
-15
56
-62
30
32
-114
-41
-32
76
-51
26
47
21
-102
35
-33
-1
-114
-18
14
112
-65
-107
-126
4
111
55
-128
48
-89
-70
8
73
-58
-51
50
8
91
121
-69
126
45
102
-56
91
-20
-67
-70
-128
-26
9
-125
87
-57
72
109
-57
-29
-96
68
30
-32
48
-5
8
69
-63
-42
73
-108
3
-93
12
67
-119
-5
15
42
108
96
22
109
15
97
-59
-120
73
-33
83
113
-66
56
-45
-84
83
-95
-51
126
-52
87
97
119
-53
113
-124
-76
4
54
-88
-40
41
-64
-40
51
-75
78
-43
-124
125
-87
113
1
-128
-61
-18
-105
-62
57
-111
-4
43
46
4
-121
-62
70
-120
119
-87
-11
45
74
43
92
63
106
83
83
-82
89
-48
-53
93
-83
-27
-37
49
-109
-54
-93
-98
13
-57
-78
114
6
106
94
-2
109
-70
-97
-33
14
75
-28
44
92
-79
45
59
86
-99
109
-48
108
2
-47
24
-32
110
10
95
-43
21
11
48
-7
63
-28
-16
-55
44
39
-73
-53
22
84
58
3
-107
27
101
-25
8
38
78
36
59
101
97
-64
99
33
45
48
-14
38
62
-71
-16
22
73
3
-88
-15
-17
108
101
127
94
96
110
-26
-96
67
-44
49
19
31
86
5
-63
85
-6
-24
-109
-114
6
62
-56
44
24
4
9
3
-94
107
115
-2
75
121
-127
-13
84
5
-70
77
8
59
-97
-95
30
30
10
3
36
58
-9
57
85
125
-119
124
53
-66
-124
79
82
-83
-66
115
-67
71
-87
72
52
-99
-24
70
1
73
70
-117
-106
-96
37
-25
-90
-57
-43
-70
-67
-109
86
-97
74
-98
29
-31
-19
-44
89
-56
-125
8
-30
-78
-115
51
69
-64
-54
20
90
15
-83
118
103
-94
21
77
-81
112
-24
-34
86
-75
-2
58
-84
96
-1
-56
68
-81
23
65
16
-107
6
-118
116
-27
124
55
-47
-100
-5
125
-111
6
75
125
66
95
9
48
-65
-54
-99
-2
-107
-113
58
-16
81
-73
-75
60
102
-48
117
-69
-54
65
-17
-100
-38
-77
-3
76
-124
4
-86
23
-94
-42
-111
109
-38
-41
55
118
-41
15
-20
-30
-50
-23
14
64
-67
-29
-18
-123
53
-54
109
95
71
45
-34
127
-30
-47
-65
33
53
-117
-61
-123
-108
21
21
-25
-38
-127
75
-81
108
55
91
108
-117
-126
-54
-54
53
-124
-79
97
124
-116
-39
52
108
112
-105
18
-17
-107
-89
59
93
-18
-124
-28
-102
62
11
104
18
32
-75
4
31
88
38
102
-56
-80
10
-71
-86
-113
24
-45
-89
-2
-42
-106
-29
32
72
-79
-20
26
111
65
29
-35
-2
84
38
-112
-47
73
14
-111
-42
-84
17
0
-67
-18
106
12
8
12
-35
-13
-39
-35
-36
123
-83
-3
27
23
-35
117
54
78
85
67
16
101
11
96
96
50
118
108
-3
-116
37
30
-15
6
-39
125
102
99
73
84
-85
-78
8
31
85
63
-116
-104
-124
-23
75
63
-6
-5
-44
-62
-118
-24
-19
120
83
-5
-120
70
14
71
40
62
-69
4
41
94
-93
84
-35
27
-76
-48
-124
11
99
-18
-90
51
-78
-48
3
-88
28
-107
-107
80
-21
74
-45
127
-7
50
45
122
-125
40
-49
53
16
-127
-114
54
-3
-111
77
72
98
100
10
7
-35
-123
0
15
-112
-21
67
10
-99
-120
3
26
-74
-16
-56
81
-98
17
-8
-23
117
18
-32
-116
115
116
68
115
-35
99
-69
53
104
7
-74
43
43
-79
54
101
112
99
-41
-121
69
-22
22
100
47
41
-10
-128
-49
106
33
-55
-66
-65
0
-83
-11
46
-72
56
-20
-68
-97
-99
48
-76
-41
125
104
-17
-53
66
22
-122
-93
-51
-6
37
-83
64
7
-74
120
98
28
85
-7
103
52
-49
24
-90
16
-15
88
-89
-1
-11
-116
-8
-59
-92
-68
27
97
-2
-86
-18
86
41
73
-21
-9
42
97
-108
30
98
-33
-63
74
-50
91
-45
-5
-57
29
20
-12
62
6
36
-126
15
25
29
101
-6
44
-83
-45
19
47
109
60
-109
23
72
-72
-49
-30
-104
-3
-43
31
-88
-28
42
-85
64
-120
-29
127
117
105
-117
18
-92
71
-33
19
59
73
52
-66
76
-125
81
-114
94
34
-96
125
115
16
60
-29
-108
115
-121
-88
-122
87
3
120
74
103
99
63
-69
-38
-96
-120
-40
108
-90
97
34
-3
40
-90
12
33
117
66
-51
-22
-66
-32
-117
-43
67
27
-100
-5
8
71
89
124
-64
-24
102
75
-120
-13
76
-45
-105
-118
-103
-107
11
87
72
65
-95
15
97
-124
-95
-26
-118
-38
9
122
-109
-94
-72
-27
59
-125
6
64
78
-35
37
56
-14
-88
-91
-76
33
-85
-1
-34
35
43
52
-12
-33
-103
-54
-27
82
-5
69
-120
25
-63
-98
-121
65
110
64
-69
-30
64
-45
-35
-53
-20
-95
16
14
28
18
82
83
97
67
-52
-41
-54
33
-126
103
-85
89
126
-98
58
80
-49
-100
37
63
118
-119
-22
79
86
-102
56
-25
55
63
99
22
-16
-119
-100
80
-35
-128
-17
-110
38
-83
-40
-44
-43
23
77
92
-75
43
-24
-54
-108
54
13
53
86
-38
-18
-106
-103
27
-57
83
-112
67
-112
96
59
77
-69
-46
-3
22
-34
98
105
-113
68
-34
-82
39
0
75
-85
-60
123
91
103
-116
-74
-118
-117
78
22
8
-68
-89
-106
-67
31
77
111
-29
110
-21
-126
1
38
77
18
-113
40
-55
105
-32
-21
-27
63
101
60
-17
-28
45
55
59
-36
-23
-85
58
-30
124
-94
8
43
-114
101
113
107
27
-36
99
-108
-95
-105
22
54
24
44
54
115
117
115
-67
118
125
-76
119
92
-69
88
46
-33
-27
-85
-11
84
31
18
-29
-9
63
-15
65
34
88
112
126
108
5
65
-117
-121
-117
-87
-1
-78
-52
81
40
58
-23
71
102
-117
-12
-60
-55
-43
111
-46
11
109
15
100
34
37
102
11
-126
-54
16
6
69
-101
-69
22
91
52
98
-3
95
-121
12
50
107
-71
-44
77
-14
95
-61
100
-59
64
21
-6
32
109
-7
-61
112
-15
114
-114
20
33
-40
119
-39
-11
-6
47
73
125
96
80
-81
3
-16
-111
33
-101
23
-19
41
26
13
101
-44
-38
89
94
5
-87
93
24
19
57
-123
50
58
57
-69
36
66
-125
65
-82
62
-105
-55
-57
65
-39
71
67
-21
125
9
78
120
-84
-105
123
92
-24
53
-127
52
111
-116
-122
9
29
-4
115
103
-107
-47
90
81
27
93
2
78
-79
111
47
-81
6
-120
8
-84
-33
1
86
26
-50
-62
-26
-115
69
-35
-100
-8
88
-76
27
4
88
-8
-1
53
23
-94
-116
-26
-91
-78
112
78
12
-90
51
-68
111
46
-31
59
-59
101
-97
30
-43
109
-31
6
25
-97
88
92
66
94
105
9
3
-110
-51
-60
-52
110
-30
105
4
20
81
-44
-56
-68
-116
15
-91
-88
-83
69
9
-89
-35
-18
-60
101
47
-113
-14
-67
112
-42
100
63
-1
-115
122
-114
78
38
-81
-57
-101
96
-100
43
103
-41
84
-69
-85
-88
-65
50
57
97
-101
-113
21
-98
78
67
91
123
-31
-61
-47
119
-110
-80
14
-76
50
77
126
-128
11
120
-3
-21
65
-126
-15
73
-53
4
91
101
37
55
-12
48
116
-83
-99
88
16
-68
56
12
-111
-17
-85
5
13
25
81
10
106
-57
60
-111
93
-96
-120
32
52
-92
-45
62
-119
27
72
-66
121
78
-128
10
7
-47
18
29
116
22
-77
-100
-110
-30
-92
-109
109
-8
73
-115
-36
120
-78
-79
-48
9
34
-13
51
-3
104
-22
-59
20
44
78
33
-9
-107
43
58
108
2
62
94
-117
-45
-55
-59
-21
54
-85
82
117
-90
-125
-78
-50
95
18
-40
-51
69
-125
97
75
83
37
-37
80
-48
-7
-45
-88
-77
118
118
-48
80
-80
30
-94
-15
119
-20
35
106
-113
-67
104
12
-90
122
83
-104
-68
23
124
-123
-87
72
-84
67
73
-4
116
77
-36
53
-7
93
-26
27
101
85
-30
114
32
-20
-83
65
-103
-45
67
90
21
-74
-60
-86
-60
64
48
71
-85
-9
79
82
92
75
-51
-89
-118
-125
-81
-12
-111
-32
111
35
0
58
-102
-105
111
105
-44
97
59
-50
107
-63
-31
34
107
-32
46
-25
125
3
49
90
94
46
108
-67
121
-81
-98
44
-51
90
26
14
19
27
0
61
-30
48
93
-115
23
61
-95
64
-66
-46
-34
-21
-104
105
40
-27
90
-14
41
-109
82
-43
-62
-32
68
75
-23
32
0
-4
-29
-95
-118
-20
124
122
19
-12
-110
119
-113
70
65
25
-66
28
-20
-40
-41
126
-81
31
-102
80
-117
88
121
61
-105
-55
105
-105
104
85
-49
85
-44
102
51
7
-122
65
25
-52
81
125
48
27
-127
59
-125
-106
10
-8
-115
9
118
-56
-5
-17
-10
-108
-14
-108
61
-96
-126
127
-82
-108
82
32
49
30
42
-14
-59
118
114
-93
-104
7
-50
-43
-88
-8
-81
114
-98
-111
15
122
-70
58
99
27
-90
-78
46
-26
-27
-99
-98
126
16
55
58
-26
-81
-36
20
71
-92
-71
48
-82
-60
-109
-26
61
21
-35
-21
110
-24
-33
89
4
-32
37
66
66
-5
50
-33
48
118
30
-121
-29
-119
88
68
32
100
-12
-101
65
119
93
-1
-67
-1
-94
102
-87
1
-114
-118
98
97
83
-8
-86
25
57
-35
61
5
86
-111
-22
126
-98
-44
-108
31
-89
117
-43
96
-92
-122
-71
116
105
103
-8
-14
67
36
87
9
109
17
-64
-113
-39
-15
-116
85
17
-64
-8
-26
57
-110
-27
-30
71
-82
-26
88
-20
79
-71
94
30
-104
-79
6
102
-29
-109
-60
-108
-46
99
81
-32
105
68
-42
-65
-28
125
10
-123
-62
38
-42
-53
69
-37
-37
12
-54
78
-115
91
27
38
-63
-79
49
78
-37
-40
10
-83
114
-8
124
-39
19
77
34
-63
82
92
-93
-16
16
-32
-72
-95
98
45
36
-34
95
71
-93
-32
-123
49
103
-74
-107
-77
-31
-88
-3
-45
-4
-38
-117
102
-75
34
85
-84
71
-14
7
-35
-44
-89
-14
-20
32
90
-95
8
-16
9
75
-104
-8
-97
87
59
-104
-1
65
-21
-37
124
-127
-65
28
-127
-5
-7
-16
-16
-69
-81
-16
-128
63
111
-104
-74
-47
56
26
112
-125
-14
-109
85
65
-1
84
25
-18
109
10
55
103
-112
-61
39
-43
39
89
105
-16
110
61
-31
98
-87
45
14
-59
-39
43
126
100
119
83
92
106
-8
8
63
-65
53
17
-84
49
-90
-47
109
-61
-15
-6
-63
-115
48
6
-38
-69
-26
109
81
-30
92
-19
118
-107
-7
60
102
-108
-65
33
85
20
-40
-51
-89
-74
45
-14
78
-60
-101
29
81
44
-106
-23
-97
-69
-29
-20
-31
38
98
83
-55
-101
36
81
-35
-59
-22
99
17
-73
32
124
-77
123
-15
-68
-20
81
-66
18
6
121
-65
19
-41
-16
-93
-15
-21
82
-94
-68
123
101
-30
-3
113
108
-59
-83
-57
-67
-47
-81
-24
115
26
-74
-34
-17
52
33
5
-57
117
-38
23
94
100
42
-110
24
-23
13
-8
-6
-1
82
-87
112
-99
-118
-111
-118
-101
111
104
-105
38
-96
117
-57
65
78
62
35
25
-118
81
43
-9
-76
53
-99
-97
-31
-95
62
-122
-40
104
-3
-88
63
-127
120
70
65
-1
37
-123
90
13
66
-111
47
33
-67
91
-20
-59
-44
120
-7
-127
116
-55
-97
83
-66
-115
-76
-73
-50
-7
-38
-37
-125
-90
-11
-19
-72
99
-27
92
-29
-120
-7
-113
-74
30
19
123
12
101
-19
-80
-75
-84
27
-11
-19
-86
34
68
37
65
117
-64
22
-123
18
84
-118
98
55
74
-1
75
21
20
-87
115
-100
-53
-48
99
12
-71
97
-123
115
-53
20
-99
34
62
-101
-102
121
29
-56
5
72
-30
-114
5
-12
-42
94
53
-40
-77
-16
13
121
68
86
-113
122
-51
-101
-18
63
-123
65
-34
84
-2
74
3
13
96
30
53
9
29
-61
18
-80
104
-123
47
-81
-105
4
-26
60
-81
78
-111
-36
52
-14
-42
10
89
80
-93
-86
-15
70
-70
-8
109
-60
122
-119
27
-88
87
-26
-49
49
-11
-91
98
94
101
-92
41
40
74
11
67
80
102
88
-58
-113
-43
-23
34
-40
-23
82
85
-19
-71
89
6
100
59
8
121
-114
-20
44
-124
67
27
84
-91
48
113
46
-40
-78
-88
21
116
-27
92
96
-4
-87
-55
-72
124
-70
2
2
48
31
3
-81
-120
78
48
-55
27
21
24
-15
-28
11
-38
97
68
-49
-101
-86
-79
76
31
-116
100
125
-71
-2
54
46
-65
-14
61
-13
-55
-5
44
-45
20
0
-98
74
-14
-6
103
-72
-68
92
-9
-35
14
-110
96
117
70
-87
1
80
88
76
60
-9
-60
-97
-20
-63
25
28
-16
-40
106
-34
-115
119
104
-83
36
-61
-63
73
127
2
-44
56
-60
-29
-74
113
-87
-77
17
-18
-56
-115
-91
-90
-54
-22
-107
0
106
-119
-69
87
-65
-117
79
53
11
-20
-86
111
79
78
-124
-25
1
-59
42
-35
105
60
87
-2
-68
-126
30
-15
-63
95
116
-100
-58
10
103
-61
112
17
68
82
117
25
20
-46
-45
35
-53
126
121
-104
52
111
59
109
-56
-88
-62
71
-48
54
19
21
43
107
73
-75
-83
-58
22
-29
-96
120
-97
1
-17
-86
8
32
58
-45
-125
-12
17
-35
101
9
-96
108
-54
88
29
-16
-99
-53
-59
7
105
72
-92
-72
12
-77
-105
-111
-60
23
-46
73
-69
123
-32
-98
-33
102
91
-19
5
21
-13
111
119
31
123
-15
122
-12
-27
114
64
29
-96
-41
-1
20
-105
94
-83
12
18
37
33
78
101
8
68
10
-58
-99
-30
108
-80
-31
-108
8
-29
106
87
-31
117
60
25
107
58
-56
-92
-55
55
-58
84
64
-67
-85
22
-117
24
79
33
80
-103
120
70
-41
-50
-78
-55
-5
-87
31
-84
72
-87
-67
115
-121
79
105
5
124
-109
54
29
110
13
60
42
126
-95
75
107
87
116
123
24
120
101
-3
70
-52
-101
-109
-108
19
-99
67
104
124
108
-5
10
-123
109
-38
-17
-55
51
83
-97
89
82
-102
80
-77
96
-29
124
42
11
111
11
-84
111
95
6
14
-15
-112
60
2
115
-49
38
-98
112
54
-50
109
-56
-44
-72
24
43
-83
-96
30
-12
50
18
-33
35
-95
61
-126
-91
30
-63
-97
-12
80
-7
-97
-75
99
73
-13
118
36
6
-96
-90
-115
-47
30
110
-10
-121
-6
63
-65
10
55
73
-76
-122
-39
-2
71
-40
4
64
30
-107
99
-40
37
-42
-123
-26
41
-17
126
75
-19
100
75
-49
7
3
68
62
-89
53
75
-63
-64
-108
-23
40
27
45
-12
22
12
127
45
-50
-4
-27
32
-99
-89
93
-39
28
-28
-1
117
33
9
95
9
-12
-87
-126
-62
54
-92
121
101
17
-7
5
-79
119
-16
-125
-110
-83
116
81
-52
101
-80
0
-103
91
12
-61
110
-71
-26
44
-42
42
87
2
53
5
62
-64
125
23
-46
-70
47
-39
-93
29
-74
60
51
7
-105
78
110
-9
-58
45
-97
9
0
-1
25
91
-26
-50
126
79
53
-31
-36
-110
-20
-40
-50
55
-111
-56
79
-8
61
-72
-5
74
-53
-103
79
-22
85
120
-25
71
45
-35
114
-77
-103
104
-118
-4
2
115
110
-122
124
-38
114
73
35
73
12
-62
32
-79
-88
-123
-59
-35
-41
-123
-9
104
-39
-54
-117
15
-53
-55
88
-24
-37
-85
-40
41
-90
8
-40
-12
-93
71
126
-114
41
-58
3
59
72
-108
-77
-128
90
-82
-27
-8
2
101
-106
72
-91
-49
50
-104
62
109
-38
-5
-108
102
54
-78
-8
88
41
-124
-94
87
31
3
-16
88
-30
-81
10
65
29
-23
6
-12
65
-35
9
-25
123
-70
-25
73
-57
-52
-20
58
-93
105
52
22
29
-16
125
-114
-23
45
80
-62
111
99
-40
35
-35
-84
-115
64
114
-57
-114
11
-63
80
106
104
-119
-81
-80
18
60
-88
-78
85
0
118
62
-56
-107
-111
-86
53
78
110
26
-18
-85
-64
-86
-36
16
68
5
-5
120
-76
-70
-128
-16
-28
-13
-35
24
-40
123
-105
120
-96
-81
44
-52
-45
76
91
-40
109
-25
63
100
-44
-35
-17
5
77
102
-24
-39
1
33
32
41
30
52
-38
-44
-102
-85
80
-81
-49
74
76
112
-94
73
-71
84
90
-98
-56
125
53
-121
45
79
-121
-57
104
89
6
-37
-67
-98
-123
-31
-75
-60
-120
-68
122
-37
42
6
47
16
55
9
-78
47
35
-69
-100
20
12
11
-8
-102
1
81
-44
-67
-79
-25
-36
59
-121
-17
92
-47
14
-55
85
-96
-103
-90
4
-71
120
-82
47
-2
51
-29
61
25
33
43
44
-107
58
-97
-52
67
88
-113
-51
106
-108
12
-83
-74
-108
92
-25
-1
-77
47
-23
47
15
-90
6
-128
51
47
121
-81
-107
-50
-119
39
-62
64
79
101
-2
48
-106
-68
-86
-8
-124
-50
-37
-54
-83
-80
-108
-65
-19
-20
-110
105
125
25
68
-98
37
17
-23
-21
67
-119
53
113
7
-113
-94
47
-17
84
125
65
-125
-40
53
68
20
-31
110
59
-59
20
-84
-88
-69
115
-65
-67
-28
85
20
-4
-67
46
116
90
122
-30
68
-53
-48
-22
15
-51
127
-87
-89
-49
-52
70
-98
-94
-23
-5
111
40
-8
-88
103
-54
-124
111
68
18
37
-110
74
11
-59
74
-110
124
90
52
-76
-16
-48
-18
-23
-102
33
-27
23
-61
-5
-90
-8
114
-118
-88
-91
46
-43
-79
115
-61
80
25
38
75
34
82
-2
-46
-34
45
-123
-52
124
-41
-5
60
-124
47
-15
-28
-69
-22
-99
57
-89
-2
-16
-84
-8
19
-57
-80
43
-111
-95
119
65
-115
22
62
121
-108
65
17
-23
-69
-108
121
-81
1
81
82
64
-27
-72
79
42
-86
-87
102
-36
-10
115
114
110
9
-99
-107
69
-117
-113
-27
27
98
120
66
79
-25
-6
47
-105
6
-102
25
-8
17
-108
-70
-42
-103
-88
21
77
-73
84
-88
95
39
-2
-89
-23
33
10
-53
124
55
9
104
-8
-86
87
32
73
54
-1
-76
34
8
82
-44
70
-25
-42
-25
1
93
89
-79
60
-112
96
121
93
69
-93
14
-59
83
-104
113
111
-20
94
66
-120
-65
-31
25
39
-71
87
88
71
-103
-21
-23
21
20
82
21
-87
90
104
-18
-128
87
-109
110
84
-99
-69
-39
90
21
38
0
-47
111
-52
84
-51
26
-85
4
-104
-67
97
-20
66
-55
59
95
-82
-73
69
-128
-2
-92
83
-75
97
11
4
96
-14
-114
60
-38
43
-100
-43
-35
-8
-11
-95
110
-55
20
-46
113
-66
121
67
-84
1
-31
67
103
87
118
48
20
105
-59
-50
-30
-1
11
0
-31
91
64
32
-7
59
-41
-103
27
-122
11
-29
-103
-92
-94
-2
-64
-46
-95
-72
-112
-39
-107
-110
-121
25
-113
78
-14
6
-85
-91
77
-21
108
84
0
-82
79
77
-36
-14
121
25
80
-16
77
14
-72
-116
-28
41
-32
73
28
-58
-73
42
-35
-4
102
-119
39
112
10
85
-118
117
-1
68
35
114
-73
15
25
5
13
73
-122
6
-107
80
-50
-114
48
13
26
72
117
-110
-75
-39
-116
102
122
50
49
72
126
-13
-90
59
-117
33
-117
-107
3
-67
15
11
39
83
-21
-56
-63
-76
125
10
-58
-109
-60
-86
11
100
54
90
86
75
47
53
-125
109
-97
122
-98
120
5
34
-58
67
34
-77
87
-94
-85
-126
109
79
102
30
93
12
43
-17
-86
95
106
-116
29
-20
66
-37
12
-92
24
59
-117
111
125
15
-30
-35
34
51
-109
88
95
-62
35
-35
27
-86
-127
-71
-17
-17
-98
9
-49
2
-21
91
112
108
113
16
-103
-55
10
88
-74
70
-105
-49
11
-87
57
-105
127
-48
102
104
-60
112
-82
116
-124
-42
12
3
32
-107
72
-123
-28
99
-113
93
-50
-128
-34
117
-91
-54
59
-92
66
-114
-38
111
-120
-64
67
48
-14
-8
76
94
10
89
-74
-47
69
20
115
44
-83
23
-10
-109
50
-43
-97
-33
-86
-117
23
-3
53
-118
67
-17
95
48
11
34
-113
-47
16
63
-120
-63
81
86
96
3
-47
-91
64
-127
71
-30
27
40
127
86
-13
92
-83
100
-75
83
-101
-77
-109
-83
-90
-121
-9
-6
21
98
-11
56
71
-112
-61
-77
-94
-124
52
67
-38
-34
36
-112
48
-16
23
-7
-80
73
29
-95
-68
-42
-44
-28
59
-35
41
118
50
50
-36
116
25
49
-25
-76
-57
31
50
122
-85
-64
108
-12
34
-67
5
-14
54
-46
10
-34
-60
93
-11
-72
40
-24
-83
73
20
76
4
77
-37
-95
-90
80
93
-102
-125
71
24
-120
-39
-78
-8
-34
70
77
67
103
106
52
-106
50
107
-62
122
51
102
44
-42
-57
59
-82
47
127
-21
-121
-51
-71
-36
-17
62
-38
-62
-11
-89
-94
-19
119
37
62
-67
-115
114
-20
-75
-61
48
7
117
-49
-86
-33
1
-31
-10
6
23
19
63
-51
107
79
90
12
-38
-94
-28
65
-33
-78
-102
51
-40
-92
102
-89
-124
-36
-114
58
-99
45
-117
40
4
2
104
42
121
-123
-62
114
-63
37
39
-89
4
-80
-44
113
75
31
-60
7
59
7
-97
-123
-8
-13
-97
-52
-97
20
121
34
66
91
24
85
-111
35
18
127
33
18
-37
103
-12
-24
-47
-62
37
116
57
126
-4
-8
104
93
-80
-59
98
-34
-9
5
-117
96
22
4
-117
3
-51
33
42
-124
13
27
53
106
20
-36
30
76
26
-56
-125
42
68
124
-1
52
-29
57
92
49
114
20
34
71
-116
24
-127
-115
3
-45
10
-9
-117
-95
-64
77
98
76
-40
83
-120
93
71
89
101
-12
-5
-72
-40
-21
-128
101
-63
-30
96
-119
-32
-16
96
51
33
0
-104
77
-72
61
24
54
-112
-121
37
-123
66
-34
91
-2
-92
8
-117
-122
72
-4
54
-76
-113
29
4
46
-95
-53
-53
47
-65
-4
-53
95
-2
-14
21
86
1
-69
87
-66
-113
11
-90
111
-106
2
106
-61
-30
96
-57
67
115
96
14
-117
-122
-91
-125
111
-126
-14
36
115
-105
-30
92
-15
-9
-82
-56
-17
-31
-73
13
-105
-48
37
-58
-124
61
5
117
94
-62
101
-28
7
-123
-117
-84
-58
8
46
-120
-19
-79
80
112
120
88
52
-55
-39
-1
5
-28
-39
-59
-4
60
-122
34
116
-94
92
-60
-27
-30
15
-118
85
100
77
100
125
-116
-63
-4
87
50
-25
40
102
52
118
-71
-16
-125
98
21
-57
-30
-56
-94
57
-41
-15
-125
-14
65
-7
-96
-4
-65
44
-1
11
12
89
93
92
7
125
117
-5
0
0
0
0
73
69
78
68
-82
66
96
-126